--------------------------------------------------------------------------------------------------
  Depth    MaxCuts  CatCols                           Accuracy   Precision      Recall         FPR
--------------------------------------------------------------------------------------------------
      2          4  [2, 3]                              0.8267      0.8374      0.9662      0.6759
      2          4  [3]                                 0.8267      0.8374      0.9662      0.6759
      2          4  [2]                                 0.8267      0.8374      0.9662      0.6759
      5          4  [2, 3]                              0.8266      0.8426      0.9573      0.6442
      5          4  [2]                                 0.8266      0.8426      0.9573      0.6442
      4         32  [2, 3]                              0.8263      0.8383      0.9641      0.6697
      4         32  [3]                                 0.8263      0.8383      0.9641      0.6697
      4         32  [2]                                 0.8263      0.8383      0.9641      0.6697
      4          4  [2, 3]                              0.8258      0.8377      0.9642      0.6728
      4          4  [2]                                 0.8258      0.8377      0.9642      0.6728
      6          4  [3]                                 0.8258      0.8405      0.9594      0.6554
      6          4  [2, 3]                              0.8257      0.8405      0.9593      0.6554 *
      6          4  [2]                                 0.8257      0.8405      0.9593      0.6554
      4          4  [3]                                 0.8256      0.8377      0.9639      0.6728
      5          4  [3]                                 0.8256      0.8408      0.9585      0.6534
      2          8  [2, 3]                              0.8251      0.8386      0.9617      0.6667
      2          8  [3]                                 0.8251      0.8386      0.9617      0.6667
      2          8  [2]                                 0.8251      0.8386      0.9617      0.6667
      2         16  [2, 3]                              0.8251      0.8386      0.9617      0.6667
      2         16  [3]                                 0.8251      0.8386      0.9617      0.6667
      2         16  [2]                                 0.8251      0.8386      0.9617      0.6667
      2         24  [2, 3]                              0.8251      0.8386      0.9617      0.6667
      2         24  [3]                                 0.8251      0.8386      0.9617      0.6667
      2         24  [2]                                 0.8251      0.8386      0.9617      0.6667
      2         32  [2, 3]                              0.8251      0.8386      0.9617      0.6667
      2         32  [3]                                 0.8251      0.8386      0.9617      0.6667
      2         32  [2]                                 0.8251      0.8386      0.9617      0.6667
      5         16  [2, 3]                              0.8249      0.8407      0.9577      0.6534
      5         16  [3]                                 0.8249      0.8407      0.9577      0.6534
      5         16  [2]                                 0.8249      0.8407      0.9577      0.6534
      6          8  [2, 3]                              0.8246      0.8462      0.9482      0.6207
      6          8  [2]                                 0.8246      0.8463      0.9480      0.6201
      5          8  [2, 3]                              0.8242      0.8433      0.9523      0.6370
      5          8  [3]                                 0.8242      0.8433      0.9523      0.6370
      5          8  [2]                                 0.8242      0.8433      0.9523      0.6370
      5          8  [2, 3, 5, 6, 7, 8, 9, 10]           0.8241      0.8392      0.9591      0.6621
      5          8  [2, 5, 6, 7, 8, 9, 10]              0.8241      0.8392      0.9591      0.6621
      6          8  [3]                                 0.8241      0.8452      0.9490      0.6258
      3          4  [2, 3]                              0.8240      0.8471      0.9459      0.6150
      3          4  [2]                                 0.8240      0.8471      0.9459      0.6150
      4         32  [3, 5, 6, 7, 8, 9, 10]              0.8240      0.8429      0.9527      0.6396
      5          8  [3, 5, 6, 7, 8, 9, 10]              0.8240      0.8390      0.9591      0.6626
      4          8  [3, 5, 6, 7, 8, 9, 10]              0.8239      0.8427      0.9529      0.6406
      5         32  [3, 5, 6, 7, 8, 9, 10]              0.8239      0.8391      0.9588      0.6621
      3          4  [3]                                 0.8238      0.8470      0.9456      0.6150
      4         16  [3, 5, 6, 7, 8, 9, 10]              0.8238      0.8428      0.9524      0.6396
      4         24  [3, 5, 6, 7, 8, 9, 10]              0.8237      0.8426      0.9526      0.6406
      4         32  [2, 3, 5, 6, 7, 8, 9, 10]           0.8237      0.8429      0.9522      0.6391
      4         32  [2, 5, 6, 7, 8, 9, 10]              0.8237      0.8429      0.9522      0.6391
      5         24  [3]                                 0.8236      0.8480      0.9438      0.6094
      4          8  [2, 3, 5, 6, 7, 8, 9, 10]           0.8234      0.8425      0.9524      0.6411
      4          8  [2, 5, 6, 7, 8, 9, 10]              0.8234      0.8425      0.9524      0.6411
      4         16  [2, 3, 5, 6, 7, 8, 9, 10]           0.8234      0.8429      0.9519      0.6391
      4         16  [2, 5, 6, 7, 8, 9, 10]              0.8234      0.8429      0.9519      0.6391
      5         24  [3, 5, 6, 7, 8, 9, 10]              0.8234      0.8395      0.9576      0.6595
      6          8  [2, 3, 5, 6, 7, 8, 9, 10]           0.8234      0.8422      0.9530      0.6431
      6          8  [2, 5, 6, 7, 8, 9, 10]              0.8234      0.8422      0.9530      0.6431
      4         24  [2, 3, 5, 6, 7, 8, 9, 10]           0.8233      0.8427      0.9520      0.6401
      4         24  [2, 5, 6, 7, 8, 9, 10]              0.8233      0.8427      0.9520      0.6401
      3          4  [2, 3, 5, 6, 7, 8, 9, 10]           0.8232      0.8339      0.9666      0.6933
      3          4  [3, 5, 6, 7, 8, 9, 10]              0.8232      0.8339      0.9666      0.6933
      3          4  [2, 5, 6, 7, 8, 9, 10]              0.8232      0.8339      0.9666      0.6933
      5         16  [3, 5, 6, 7, 8, 9, 10]              0.8232      0.8398      0.9567      0.6575
      5         24  [2, 3]                              0.8232      0.8480      0.9432      0.6089
      5         24  [2]                                 0.8232      0.8480      0.9432      0.6089
      6          4  [3, 5, 6, 7, 8, 9, 10]              0.8232      0.8412      0.9543      0.6488
      6          8  [3, 5, 6, 7, 8, 9, 10]              0.8232      0.8420      0.9530      0.6442
      5         32  [3]                                 0.8231      0.8427      0.9516      0.6396
      3         16  [2, 3, 5, 6, 7, 8, 9, 10]           0.8230      0.8340      0.9661      0.6922
      3         16  [3, 5, 6, 7, 8, 9, 10]              0.8230      0.8340      0.9661      0.6922
      3         16  [2, 5, 6, 7, 8, 9, 10]              0.8230      0.8340      0.9661      0.6922
      3         24  [2, 3, 5, 6, 7, 8, 9, 10]           0.8230      0.8340      0.9661      0.6922
      3         24  [3, 5, 6, 7, 8, 9, 10]              0.8230      0.8340      0.9661      0.6922
      3         24  [2, 5, 6, 7, 8, 9, 10]              0.8230      0.8340      0.9661      0.6922
      4         24  [2, 3]                              0.8228      0.8474      0.9435      0.6120
      4         24  [3]                                 0.8228      0.8474      0.9435      0.6120
      4         24  [2]                                 0.8228      0.8474      0.9435      0.6120
      5         32  [2, 3]                              0.8228      0.8427      0.9510      0.6391
      5         32  [2]                                 0.8228      0.8427      0.9510      0.6391
      6         32  [2, 3, 5, 6, 7, 8, 9, 10]           0.8228      0.8392      0.9568      0.6600
      6          4  [2, 3, 5, 6, 7, 8, 9, 10]           0.8227      0.8414      0.9532      0.6472
      6          4  [2, 5, 6, 7, 8, 9, 10]              0.8227      0.8414      0.9532      0.6472
      6         32  [3]                                 0.8227      0.8486      0.9414      0.6048
      6         32  [2, 5, 6, 7, 8, 9, 10]              0.8227      0.8392      0.9567      0.6600
      6         16  [2, 3]                              0.8224      0.8419      0.9519      0.6437
      6         16  [3]                                 0.8224      0.8418      0.9520      0.6442
      6         16  [2]                                 0.8224      0.8419      0.9519      0.6437
      5          4  [3, 5, 6, 7, 8, 9, 10]              0.8223      0.8357      0.9621      0.6810
      6          3  [2, 3, 5, 6, 7, 8, 9, 10]           0.8223      0.8391      0.9564      0.6605
      6          3  [2, 5, 6, 7, 8, 9, 10]              0.8223      0.8391      0.9564      0.6605
      3          8  [2, 3]                              0.8222      0.8467      0.9438      0.6155
      3          8  [3]                                 0.8222      0.8467      0.9438      0.6155
      3          8  [2]                                 0.8222      0.8467      0.9438      0.6155
      3         16  [2, 3]                              0.8222      0.8467      0.9438      0.6155
      3         16  [3]                                 0.8222      0.8467      0.9438      0.6155
      3         16  [2]                                 0.8222      0.8467      0.9438      0.6155
      3         24  [2, 3]                              0.8222      0.8467      0.9438      0.6155
      3         24  [3]                                 0.8222      0.8467      0.9438      0.6155
      3         24  [2]                                 0.8222      0.8467      0.9438      0.6155
      3         32  [2, 3]                              0.8222      0.8467      0.9438      0.6155
      3         32  [3]                                 0.8222      0.8467      0.9438      0.6155
      3         32  [2]                                 0.8222      0.8467      0.9438      0.6155
      4          8  [2, 3]                              0.8222      0.8467      0.9438      0.6155
      4          8  [3]                                 0.8222      0.8467      0.9438      0.6155
      4          8  [2]                                 0.8222      0.8467      0.9438      0.6155
      5         32  [2, 3, 5, 6, 7, 8, 9, 10]           0.8221      0.8364      0.9605      0.6764
      5         32  [2, 5, 6, 7, 8, 9, 10]              0.8221      0.8364      0.9605      0.6764
      6         24  [3, 5, 6, 7, 8, 9, 10]              0.8221      0.8401      0.9543      0.6539
      3          3  [2, 3, 5, 6, 7, 8, 9, 10]           0.8220      0.8338      0.9649      0.6927
      3          3  [3, 5, 6, 7, 8, 9, 10]              0.8220      0.8338      0.9649      0.6927
      3          3  [2, 5, 6, 7, 8, 9, 10]              0.8220      0.8338      0.9649      0.6927
      6          3  [3, 5, 6, 7, 8, 9, 10]              0.8220      0.8390      0.9560      0.6605
      3          8  [2, 3, 5, 6, 7, 8, 9, 10]           0.8219      0.8340      0.9644      0.6912
      3          8  [3, 5, 6, 7, 8, 9, 10]              0.8219      0.8340      0.9644      0.6912
      3          8  [2, 5, 6, 7, 8, 9, 10]              0.8219      0.8340      0.9644      0.6912
      3         32  [2, 3, 5, 6, 7, 8, 9, 10]           0.8219      0.8340      0.9644      0.6912
      3         32  [3, 5, 6, 7, 8, 9, 10]              0.8219      0.8340      0.9644      0.6912
      3         32  [2, 5, 6, 7, 8, 9, 10]              0.8219      0.8340      0.9644      0.6912
      5          4  [2, 3, 5, 6, 7, 8, 9, 10]           0.8219      0.8358      0.9612      0.6800
      5          4  [2, 5, 6, 7, 8, 9, 10]              0.8219      0.8358      0.9612      0.6800
      5         24  [2, 3, 5, 6, 7, 8, 9, 10]           0.8219      0.8370      0.9593      0.6728
      5         24  [2, 5, 6, 7, 8, 9, 10]              0.8219      0.8370      0.9593      0.6728
      6         24  [2, 3, 5, 6, 7, 8, 9, 10]           0.8218      0.8401      0.9539      0.6539
      6         24  [2, 5, 6, 7, 8, 9, 10]              0.8218      0.8401      0.9539      0.6539
      4         16  [2, 3]                              0.8217      0.8456      0.9446      0.6212
      4         16  [3]                                 0.8217      0.8456      0.9446      0.6212
      4         16  [2]                                 0.8217      0.8456      0.9446      0.6212
      5         16  [2, 3, 5, 6, 7, 8, 9, 10]           0.8217      0.8374      0.9581      0.6697
      5         16  [2, 5, 6, 7, 8, 9, 10]              0.8217      0.8374      0.9581      0.6697
      6         32  [3, 5, 6, 7, 8, 9, 10]              0.8216      0.8370      0.9587      0.6723
      6         24  [3]                                 0.8213      0.8507      0.9360      0.5915
      5          3  [2, 3, 5, 6, 7, 8, 9, 10]           0.8212      0.8345      0.9624      0.6871
      5          3  [3, 5, 6, 7, 8, 9, 10]              0.8212      0.8345      0.9625      0.6876
      5          3  [2, 5, 6, 7, 8, 9, 10]              0.8212      0.8345      0.9624      0.6871
      4          3  [3, 5, 6, 7, 8, 9, 10]              0.8208      0.8391      0.9539      0.6585
      4          3  [2, 3, 5, 6, 7, 8, 9, 10]           0.8207      0.8392      0.9536      0.6580
      4          3  [2, 5, 6, 7, 8, 9, 10]              0.8207      0.8392      0.9536      0.6580
      6         16  [3, 5, 6, 7, 8, 9, 10]              0.8206      0.8411      0.9503      0.6467
      6         16  [2, 3, 5, 6, 7, 8, 9, 10]           0.8202      0.8406      0.9506      0.6493
      6         16  [2, 5, 6, 7, 8, 9, 10]              0.8202      0.8406      0.9506      0.6493
      4          4  [2, 3, 5, 6, 7, 8, 9, 10]           0.8201      0.8383      0.9543      0.6631
      4          4  [3, 5, 6, 7, 8, 9, 10]              0.8201      0.8383      0.9543      0.6631
      4          4  [2, 5, 6, 7, 8, 9, 10]              0.8201      0.8383      0.9543      0.6631
      6         32  [2, 3]                              0.8198      0.8452      0.9424      0.6217
      6         32  [2]                                 0.8198      0.8452      0.9424      0.6217
      6         24  [2, 3]                              0.8193      0.8477      0.9377      0.6069
      6         24  [2]                                 0.8192      0.8480      0.9370      0.6048
      2          3  [2, 3, 5, 6, 7, 8, 9, 10]           0.8178      0.8277      0.9689      0.7265
      2          3  [3, 5, 6, 7, 8, 9, 10]              0.8178      0.8277      0.9689      0.7265
      2          3  [2, 5, 6, 7, 8, 9, 10]              0.8178      0.8277      0.9689      0.7265
      2          4  [2, 3, 5, 6, 7, 8, 9, 10]           0.8178      0.8277      0.9689      0.7265
      2          4  [3, 5, 6, 7, 8, 9, 10]              0.8178      0.8277      0.9689      0.7265
      2          4  [2, 5, 6, 7, 8, 9, 10]              0.8178      0.8277      0.9689      0.7265
      2          8  [2, 3, 5, 6, 7, 8, 9, 10]           0.8178      0.8277      0.9689      0.7265
      2          8  [3, 5, 6, 7, 8, 9, 10]              0.8178      0.8277      0.9689      0.7265
      2          8  [2, 5, 6, 7, 8, 9, 10]              0.8178      0.8277      0.9689      0.7265
      2         16  [2, 3, 5, 6, 7, 8, 9, 10]           0.8178      0.8277      0.9689      0.7265
      2         16  [3, 5, 6, 7, 8, 9, 10]              0.8178      0.8277      0.9689      0.7265
      2         16  [2, 5, 6, 7, 8, 9, 10]              0.8178      0.8277      0.9689      0.7265
      2         24  [2, 3, 5, 6, 7, 8, 9, 10]           0.8178      0.8277      0.9689      0.7265
      2         24  [3, 5, 6, 7, 8, 9, 10]              0.8178      0.8277      0.9689      0.7265
      2         24  [2, 5, 6, 7, 8, 9, 10]              0.8178      0.8277      0.9689      0.7265
      2         32  [2, 3, 5, 6, 7, 8, 9, 10]           0.8178      0.8277      0.9689      0.7265
      2         32  [3, 5, 6, 7, 8, 9, 10]              0.8178      0.8277      0.9689      0.7265
      2         32  [2, 5, 6, 7, 8, 9, 10]              0.8178      0.8277      0.9689      0.7265
      6          3  [2]                                 0.8146      0.8384      0.9452      0.6559
      6          3  [2, 3]                              0.8133      0.8343      0.9502      0.6794
      6          3  [3]                                 0.8133      0.8342      0.9505      0.6805
      3          3  [2, 3]                              0.8112      0.8456      0.9283      0.6104
      3          3  [3]                                 0.8112      0.8456      0.9283      0.6104
      3          3  [2]                                 0.8112      0.8456      0.9283      0.6104
      5          3  [3]                                 0.8112      0.8296      0.9550      0.7065
      5          3  [2, 3]                              0.8109      0.8293      0.9549      0.7076
      4          3  [2, 3]                              0.8103      0.8349      0.9445      0.6728
      4          3  [3]                                 0.8103      0.8349      0.9445      0.6728
      4          3  [2]                                 0.8103      0.8349      0.9445      0.6728
      5          3  [2]                                 0.8099      0.8260      0.9591      0.7275
      2          3  [2, 3]                              0.8056      0.8180      0.9666      0.7745
      2          3  [3]                                 0.8056      0.8180      0.9666      0.7745
      2          3  [2]                                 0.8056      0.8180      0.9666      0.7745
--------------------------------------------------------------------------------------------------